control <- c(7, 3, -4, 14, 2, 5, 22, -7, 9, 5)
treatment <- c(-6, 5, 9, 4, 4, 12, 37, 5, 3, 3)

